{
 "cells": [
  {
   "cell_type": "code",
   "execution_count": 3,
   "id": "f194be62-5e09-41bb-b1a9-440d04cb134c",
   "metadata": {},
   "outputs": [],
   "source": [
    "import pandas as pd \n",
    "import numpy as np"
   ]
  },
  {
   "cell_type": "code",
   "execution_count": 4,
   "id": "60a41e0b-db05-412c-a966-890de458590c",
   "metadata": {},
   "outputs": [],
   "source": [
    "environnement_normees = pd.read_csv('../preprocessing/donnees_environnement_capteurs.csv', sep=';')\n",
    "\n",
    "index = environnement_normees['Capteurs']\n",
    "colonnes = environnement_normees.columns\n",
    "environnement_normees = environnement_normees.drop(environnement_normees.columns[0], axis=1)"
   ]
  },
  {
   "cell_type": "code",
   "execution_count": 5,
   "id": "093123ef-daaa-466c-93a7-909c3f5cd1f3",
   "metadata": {},
   "outputs": [
    {
     "data": {
      "text/html": [
       "<div>\n",
       "<style scoped>\n",
       "    .dataframe tbody tr th:only-of-type {\n",
       "        vertical-align: middle;\n",
       "    }\n",
       "\n",
       "    .dataframe tbody tr th {\n",
       "        vertical-align: top;\n",
       "    }\n",
       "\n",
       "    .dataframe thead th {\n",
       "        text-align: right;\n",
       "    }\n",
       "</style>\n",
       "<table border=\"1\" class=\"dataframe\">\n",
       "  <thead>\n",
       "    <tr style=\"text-align: right;\">\n",
       "      <th></th>\n",
       "      <th>Typologie_zone</th>\n",
       "      <th>Type_voie</th>\n",
       "      <th>Nombre_voies</th>\n",
       "      <th>Distance_capteur_voie</th>\n",
       "      <th>Position_capteurs</th>\n",
       "      <th>Presence_arbres</th>\n",
       "      <th>Feuille_arbres</th>\n",
       "      <th>Morphologie_urbaine</th>\n",
       "      <th>Hauteur_batiments</th>\n",
       "      <th>Distance_capteur_batiment</th>\n",
       "      <th>Particularite</th>\n",
       "      <th>Trafic_Routier_vehicule_leger</th>\n",
       "      <th>Trafic_Routier_poids_lourds</th>\n",
       "      <th>Trafic_Routier_2_roues</th>\n",
       "      <th>emission_moyenne_annuelle_kg_maille_an</th>\n",
       "      <th>Donnees_Cartographie</th>\n",
       "    </tr>\n",
       "  </thead>\n",
       "  <tbody>\n",
       "    <tr>\n",
       "      <th>Typologie_zone</th>\n",
       "      <td>1.000000</td>\n",
       "      <td>-0.220877</td>\n",
       "      <td>0.248868</td>\n",
       "      <td>0.370505</td>\n",
       "      <td>0.052886</td>\n",
       "      <td>-0.047574</td>\n",
       "      <td>0.069767</td>\n",
       "      <td>-0.347928</td>\n",
       "      <td>0.207387</td>\n",
       "      <td>-0.201783</td>\n",
       "      <td>0.173556</td>\n",
       "      <td>-0.209963</td>\n",
       "      <td>-0.235349</td>\n",
       "      <td>-0.225360</td>\n",
       "      <td>0.053727</td>\n",
       "      <td>-0.101846</td>\n",
       "    </tr>\n",
       "    <tr>\n",
       "      <th>Type_voie</th>\n",
       "      <td>-0.220877</td>\n",
       "      <td>1.000000</td>\n",
       "      <td>-0.123736</td>\n",
       "      <td>-0.197064</td>\n",
       "      <td>0.231297</td>\n",
       "      <td>0.123229</td>\n",
       "      <td>0.145318</td>\n",
       "      <td>0.252474</td>\n",
       "      <td>-0.029009</td>\n",
       "      <td>0.120798</td>\n",
       "      <td>-0.027930</td>\n",
       "      <td>0.126842</td>\n",
       "      <td>0.152644</td>\n",
       "      <td>0.129805</td>\n",
       "      <td>0.071804</td>\n",
       "      <td>0.039661</td>\n",
       "    </tr>\n",
       "    <tr>\n",
       "      <th>Nombre_voies</th>\n",
       "      <td>0.248868</td>\n",
       "      <td>-0.123736</td>\n",
       "      <td>1.000000</td>\n",
       "      <td>0.192088</td>\n",
       "      <td>0.148088</td>\n",
       "      <td>-0.147471</td>\n",
       "      <td>-0.003752</td>\n",
       "      <td>-0.195107</td>\n",
       "      <td>0.137270</td>\n",
       "      <td>-0.118138</td>\n",
       "      <td>0.256226</td>\n",
       "      <td>-0.728442</td>\n",
       "      <td>-0.700993</td>\n",
       "      <td>-0.731524</td>\n",
       "      <td>-0.307444</td>\n",
       "      <td>-0.488624</td>\n",
       "    </tr>\n",
       "    <tr>\n",
       "      <th>Distance_capteur_voie</th>\n",
       "      <td>0.370505</td>\n",
       "      <td>-0.197064</td>\n",
       "      <td>0.192088</td>\n",
       "      <td>1.000000</td>\n",
       "      <td>-0.147529</td>\n",
       "      <td>-0.382069</td>\n",
       "      <td>-0.302956</td>\n",
       "      <td>-0.234479</td>\n",
       "      <td>0.101660</td>\n",
       "      <td>-0.123446</td>\n",
       "      <td>0.016604</td>\n",
       "      <td>-0.293408</td>\n",
       "      <td>-0.227236</td>\n",
       "      <td>-0.297856</td>\n",
       "      <td>0.137896</td>\n",
       "      <td>-0.048350</td>\n",
       "    </tr>\n",
       "    <tr>\n",
       "      <th>Position_capteurs</th>\n",
       "      <td>0.052886</td>\n",
       "      <td>0.231297</td>\n",
       "      <td>0.148088</td>\n",
       "      <td>-0.147529</td>\n",
       "      <td>1.000000</td>\n",
       "      <td>0.308228</td>\n",
       "      <td>0.280040</td>\n",
       "      <td>-0.073903</td>\n",
       "      <td>0.172549</td>\n",
       "      <td>-0.034501</td>\n",
       "      <td>0.166979</td>\n",
       "      <td>-0.243835</td>\n",
       "      <td>-0.155039</td>\n",
       "      <td>-0.238002</td>\n",
       "      <td>-0.178201</td>\n",
       "      <td>-0.227337</td>\n",
       "    </tr>\n",
       "    <tr>\n",
       "      <th>Presence_arbres</th>\n",
       "      <td>-0.047574</td>\n",
       "      <td>0.123229</td>\n",
       "      <td>-0.147471</td>\n",
       "      <td>-0.382069</td>\n",
       "      <td>0.308228</td>\n",
       "      <td>1.000000</td>\n",
       "      <td>0.747910</td>\n",
       "      <td>0.169085</td>\n",
       "      <td>-0.012202</td>\n",
       "      <td>0.267400</td>\n",
       "      <td>0.049689</td>\n",
       "      <td>0.075030</td>\n",
       "      <td>0.064935</td>\n",
       "      <td>0.078650</td>\n",
       "      <td>-0.312424</td>\n",
       "      <td>-0.194273</td>\n",
       "    </tr>\n",
       "    <tr>\n",
       "      <th>Feuille_arbres</th>\n",
       "      <td>0.069767</td>\n",
       "      <td>0.145318</td>\n",
       "      <td>-0.003752</td>\n",
       "      <td>-0.302956</td>\n",
       "      <td>0.280040</td>\n",
       "      <td>0.747910</td>\n",
       "      <td>1.000000</td>\n",
       "      <td>0.126073</td>\n",
       "      <td>0.021321</td>\n",
       "      <td>0.198364</td>\n",
       "      <td>0.024348</td>\n",
       "      <td>-0.111425</td>\n",
       "      <td>-0.135904</td>\n",
       "      <td>-0.112689</td>\n",
       "      <td>-0.371634</td>\n",
       "      <td>-0.336961</td>\n",
       "    </tr>\n",
       "    <tr>\n",
       "      <th>Morphologie_urbaine</th>\n",
       "      <td>-0.347928</td>\n",
       "      <td>0.252474</td>\n",
       "      <td>-0.195107</td>\n",
       "      <td>-0.234479</td>\n",
       "      <td>-0.073903</td>\n",
       "      <td>0.169085</td>\n",
       "      <td>0.126073</td>\n",
       "      <td>1.000000</td>\n",
       "      <td>-0.556931</td>\n",
       "      <td>0.557476</td>\n",
       "      <td>-0.276683</td>\n",
       "      <td>-0.016390</td>\n",
       "      <td>0.010322</td>\n",
       "      <td>-0.010161</td>\n",
       "      <td>-0.307084</td>\n",
       "      <td>-0.216647</td>\n",
       "    </tr>\n",
       "    <tr>\n",
       "      <th>Hauteur_batiments</th>\n",
       "      <td>0.207387</td>\n",
       "      <td>-0.029009</td>\n",
       "      <td>0.137270</td>\n",
       "      <td>0.101660</td>\n",
       "      <td>0.172549</td>\n",
       "      <td>-0.012202</td>\n",
       "      <td>0.021321</td>\n",
       "      <td>-0.556931</td>\n",
       "      <td>1.000000</td>\n",
       "      <td>-0.194532</td>\n",
       "      <td>0.134608</td>\n",
       "      <td>-0.116751</td>\n",
       "      <td>-0.115277</td>\n",
       "      <td>-0.123036</td>\n",
       "      <td>0.270166</td>\n",
       "      <td>0.032952</td>\n",
       "    </tr>\n",
       "    <tr>\n",
       "      <th>Distance_capteur_batiment</th>\n",
       "      <td>-0.201783</td>\n",
       "      <td>0.120798</td>\n",
       "      <td>-0.118138</td>\n",
       "      <td>-0.123446</td>\n",
       "      <td>-0.034501</td>\n",
       "      <td>0.267400</td>\n",
       "      <td>0.198364</td>\n",
       "      <td>0.557476</td>\n",
       "      <td>-0.194532</td>\n",
       "      <td>1.000000</td>\n",
       "      <td>-0.239988</td>\n",
       "      <td>-0.091284</td>\n",
       "      <td>0.036386</td>\n",
       "      <td>-0.081452</td>\n",
       "      <td>-0.293546</td>\n",
       "      <td>-0.191614</td>\n",
       "    </tr>\n",
       "    <tr>\n",
       "      <th>Particularite</th>\n",
       "      <td>0.173556</td>\n",
       "      <td>-0.027930</td>\n",
       "      <td>0.256226</td>\n",
       "      <td>0.016604</td>\n",
       "      <td>0.166979</td>\n",
       "      <td>0.049689</td>\n",
       "      <td>0.024348</td>\n",
       "      <td>-0.276683</td>\n",
       "      <td>0.134608</td>\n",
       "      <td>-0.239988</td>\n",
       "      <td>1.000000</td>\n",
       "      <td>-0.104582</td>\n",
       "      <td>-0.136843</td>\n",
       "      <td>-0.101047</td>\n",
       "      <td>-0.079003</td>\n",
       "      <td>-0.023086</td>\n",
       "    </tr>\n",
       "    <tr>\n",
       "      <th>Trafic_Routier_vehicule_leger</th>\n",
       "      <td>-0.209963</td>\n",
       "      <td>0.126842</td>\n",
       "      <td>-0.728442</td>\n",
       "      <td>-0.293408</td>\n",
       "      <td>-0.243835</td>\n",
       "      <td>0.075030</td>\n",
       "      <td>-0.111425</td>\n",
       "      <td>-0.016390</td>\n",
       "      <td>-0.116751</td>\n",
       "      <td>-0.091284</td>\n",
       "      <td>-0.104582</td>\n",
       "      <td>1.000000</td>\n",
       "      <td>0.871455</td>\n",
       "      <td>0.999103</td>\n",
       "      <td>0.294361</td>\n",
       "      <td>0.680300</td>\n",
       "    </tr>\n",
       "    <tr>\n",
       "      <th>Trafic_Routier_poids_lourds</th>\n",
       "      <td>-0.235349</td>\n",
       "      <td>0.152644</td>\n",
       "      <td>-0.700993</td>\n",
       "      <td>-0.227236</td>\n",
       "      <td>-0.155039</td>\n",
       "      <td>0.064935</td>\n",
       "      <td>-0.135904</td>\n",
       "      <td>0.010322</td>\n",
       "      <td>-0.115277</td>\n",
       "      <td>0.036386</td>\n",
       "      <td>-0.136843</td>\n",
       "      <td>0.871455</td>\n",
       "      <td>1.000000</td>\n",
       "      <td>0.880015</td>\n",
       "      <td>0.310620</td>\n",
       "      <td>0.616335</td>\n",
       "    </tr>\n",
       "    <tr>\n",
       "      <th>Trafic_Routier_2_roues</th>\n",
       "      <td>-0.225360</td>\n",
       "      <td>0.129805</td>\n",
       "      <td>-0.731524</td>\n",
       "      <td>-0.297856</td>\n",
       "      <td>-0.238002</td>\n",
       "      <td>0.078650</td>\n",
       "      <td>-0.112689</td>\n",
       "      <td>-0.010161</td>\n",
       "      <td>-0.123036</td>\n",
       "      <td>-0.081452</td>\n",
       "      <td>-0.101047</td>\n",
       "      <td>0.999103</td>\n",
       "      <td>0.880015</td>\n",
       "      <td>1.000000</td>\n",
       "      <td>0.290824</td>\n",
       "      <td>0.678972</td>\n",
       "    </tr>\n",
       "    <tr>\n",
       "      <th>emission_moyenne_annuelle_kg_maille_an</th>\n",
       "      <td>0.053727</td>\n",
       "      <td>0.071804</td>\n",
       "      <td>-0.307444</td>\n",
       "      <td>0.137896</td>\n",
       "      <td>-0.178201</td>\n",
       "      <td>-0.312424</td>\n",
       "      <td>-0.371634</td>\n",
       "      <td>-0.307084</td>\n",
       "      <td>0.270166</td>\n",
       "      <td>-0.293546</td>\n",
       "      <td>-0.079003</td>\n",
       "      <td>0.294361</td>\n",
       "      <td>0.310620</td>\n",
       "      <td>0.290824</td>\n",
       "      <td>1.000000</td>\n",
       "      <td>0.501979</td>\n",
       "    </tr>\n",
       "    <tr>\n",
       "      <th>Donnees_Cartographie</th>\n",
       "      <td>-0.101846</td>\n",
       "      <td>0.039661</td>\n",
       "      <td>-0.488624</td>\n",
       "      <td>-0.048350</td>\n",
       "      <td>-0.227337</td>\n",
       "      <td>-0.194273</td>\n",
       "      <td>-0.336961</td>\n",
       "      <td>-0.216647</td>\n",
       "      <td>0.032952</td>\n",
       "      <td>-0.191614</td>\n",
       "      <td>-0.023086</td>\n",
       "      <td>0.680300</td>\n",
       "      <td>0.616335</td>\n",
       "      <td>0.678972</td>\n",
       "      <td>0.501979</td>\n",
       "      <td>1.000000</td>\n",
       "    </tr>\n",
       "  </tbody>\n",
       "</table>\n",
       "</div>"
      ],
      "text/plain": [
       "                                        Typologie_zone  Type_voie  \\\n",
       "Typologie_zone                                1.000000  -0.220877   \n",
       "Type_voie                                    -0.220877   1.000000   \n",
       "Nombre_voies                                  0.248868  -0.123736   \n",
       "Distance_capteur_voie                         0.370505  -0.197064   \n",
       "Position_capteurs                             0.052886   0.231297   \n",
       "Presence_arbres                              -0.047574   0.123229   \n",
       "Feuille_arbres                                0.069767   0.145318   \n",
       "Morphologie_urbaine                          -0.347928   0.252474   \n",
       "Hauteur_batiments                             0.207387  -0.029009   \n",
       "Distance_capteur_batiment                    -0.201783   0.120798   \n",
       "Particularite                                 0.173556  -0.027930   \n",
       "Trafic_Routier_vehicule_leger                -0.209963   0.126842   \n",
       "Trafic_Routier_poids_lourds                  -0.235349   0.152644   \n",
       "Trafic_Routier_2_roues                       -0.225360   0.129805   \n",
       "emission_moyenne_annuelle_kg_maille_an        0.053727   0.071804   \n",
       "Donnees_Cartographie                         -0.101846   0.039661   \n",
       "\n",
       "                                        Nombre_voies  Distance_capteur_voie  \\\n",
       "Typologie_zone                              0.248868               0.370505   \n",
       "Type_voie                                  -0.123736              -0.197064   \n",
       "Nombre_voies                                1.000000               0.192088   \n",
       "Distance_capteur_voie                       0.192088               1.000000   \n",
       "Position_capteurs                           0.148088              -0.147529   \n",
       "Presence_arbres                            -0.147471              -0.382069   \n",
       "Feuille_arbres                             -0.003752              -0.302956   \n",
       "Morphologie_urbaine                        -0.195107              -0.234479   \n",
       "Hauteur_batiments                           0.137270               0.101660   \n",
       "Distance_capteur_batiment                  -0.118138              -0.123446   \n",
       "Particularite                               0.256226               0.016604   \n",
       "Trafic_Routier_vehicule_leger              -0.728442              -0.293408   \n",
       "Trafic_Routier_poids_lourds                -0.700993              -0.227236   \n",
       "Trafic_Routier_2_roues                     -0.731524              -0.297856   \n",
       "emission_moyenne_annuelle_kg_maille_an     -0.307444               0.137896   \n",
       "Donnees_Cartographie                       -0.488624              -0.048350   \n",
       "\n",
       "                                        Position_capteurs  Presence_arbres  \\\n",
       "Typologie_zone                                   0.052886        -0.047574   \n",
       "Type_voie                                        0.231297         0.123229   \n",
       "Nombre_voies                                     0.148088        -0.147471   \n",
       "Distance_capteur_voie                           -0.147529        -0.382069   \n",
       "Position_capteurs                                1.000000         0.308228   \n",
       "Presence_arbres                                  0.308228         1.000000   \n",
       "Feuille_arbres                                   0.280040         0.747910   \n",
       "Morphologie_urbaine                             -0.073903         0.169085   \n",
       "Hauteur_batiments                                0.172549        -0.012202   \n",
       "Distance_capteur_batiment                       -0.034501         0.267400   \n",
       "Particularite                                    0.166979         0.049689   \n",
       "Trafic_Routier_vehicule_leger                   -0.243835         0.075030   \n",
       "Trafic_Routier_poids_lourds                     -0.155039         0.064935   \n",
       "Trafic_Routier_2_roues                          -0.238002         0.078650   \n",
       "emission_moyenne_annuelle_kg_maille_an          -0.178201        -0.312424   \n",
       "Donnees_Cartographie                            -0.227337        -0.194273   \n",
       "\n",
       "                                        Feuille_arbres  Morphologie_urbaine  \\\n",
       "Typologie_zone                                0.069767            -0.347928   \n",
       "Type_voie                                     0.145318             0.252474   \n",
       "Nombre_voies                                 -0.003752            -0.195107   \n",
       "Distance_capteur_voie                        -0.302956            -0.234479   \n",
       "Position_capteurs                             0.280040            -0.073903   \n",
       "Presence_arbres                               0.747910             0.169085   \n",
       "Feuille_arbres                                1.000000             0.126073   \n",
       "Morphologie_urbaine                           0.126073             1.000000   \n",
       "Hauteur_batiments                             0.021321            -0.556931   \n",
       "Distance_capteur_batiment                     0.198364             0.557476   \n",
       "Particularite                                 0.024348            -0.276683   \n",
       "Trafic_Routier_vehicule_leger                -0.111425            -0.016390   \n",
       "Trafic_Routier_poids_lourds                  -0.135904             0.010322   \n",
       "Trafic_Routier_2_roues                       -0.112689            -0.010161   \n",
       "emission_moyenne_annuelle_kg_maille_an       -0.371634            -0.307084   \n",
       "Donnees_Cartographie                         -0.336961            -0.216647   \n",
       "\n",
       "                                        Hauteur_batiments  \\\n",
       "Typologie_zone                                   0.207387   \n",
       "Type_voie                                       -0.029009   \n",
       "Nombre_voies                                     0.137270   \n",
       "Distance_capteur_voie                            0.101660   \n",
       "Position_capteurs                                0.172549   \n",
       "Presence_arbres                                 -0.012202   \n",
       "Feuille_arbres                                   0.021321   \n",
       "Morphologie_urbaine                             -0.556931   \n",
       "Hauteur_batiments                                1.000000   \n",
       "Distance_capteur_batiment                       -0.194532   \n",
       "Particularite                                    0.134608   \n",
       "Trafic_Routier_vehicule_leger                   -0.116751   \n",
       "Trafic_Routier_poids_lourds                     -0.115277   \n",
       "Trafic_Routier_2_roues                          -0.123036   \n",
       "emission_moyenne_annuelle_kg_maille_an           0.270166   \n",
       "Donnees_Cartographie                             0.032952   \n",
       "\n",
       "                                        Distance_capteur_batiment  \\\n",
       "Typologie_zone                                          -0.201783   \n",
       "Type_voie                                                0.120798   \n",
       "Nombre_voies                                            -0.118138   \n",
       "Distance_capteur_voie                                   -0.123446   \n",
       "Position_capteurs                                       -0.034501   \n",
       "Presence_arbres                                          0.267400   \n",
       "Feuille_arbres                                           0.198364   \n",
       "Morphologie_urbaine                                      0.557476   \n",
       "Hauteur_batiments                                       -0.194532   \n",
       "Distance_capteur_batiment                                1.000000   \n",
       "Particularite                                           -0.239988   \n",
       "Trafic_Routier_vehicule_leger                           -0.091284   \n",
       "Trafic_Routier_poids_lourds                              0.036386   \n",
       "Trafic_Routier_2_roues                                  -0.081452   \n",
       "emission_moyenne_annuelle_kg_maille_an                  -0.293546   \n",
       "Donnees_Cartographie                                    -0.191614   \n",
       "\n",
       "                                        Particularite  \\\n",
       "Typologie_zone                               0.173556   \n",
       "Type_voie                                   -0.027930   \n",
       "Nombre_voies                                 0.256226   \n",
       "Distance_capteur_voie                        0.016604   \n",
       "Position_capteurs                            0.166979   \n",
       "Presence_arbres                              0.049689   \n",
       "Feuille_arbres                               0.024348   \n",
       "Morphologie_urbaine                         -0.276683   \n",
       "Hauteur_batiments                            0.134608   \n",
       "Distance_capteur_batiment                   -0.239988   \n",
       "Particularite                                1.000000   \n",
       "Trafic_Routier_vehicule_leger               -0.104582   \n",
       "Trafic_Routier_poids_lourds                 -0.136843   \n",
       "Trafic_Routier_2_roues                      -0.101047   \n",
       "emission_moyenne_annuelle_kg_maille_an      -0.079003   \n",
       "Donnees_Cartographie                        -0.023086   \n",
       "\n",
       "                                        Trafic_Routier_vehicule_leger  \\\n",
       "Typologie_zone                                              -0.209963   \n",
       "Type_voie                                                    0.126842   \n",
       "Nombre_voies                                                -0.728442   \n",
       "Distance_capteur_voie                                       -0.293408   \n",
       "Position_capteurs                                           -0.243835   \n",
       "Presence_arbres                                              0.075030   \n",
       "Feuille_arbres                                              -0.111425   \n",
       "Morphologie_urbaine                                         -0.016390   \n",
       "Hauteur_batiments                                           -0.116751   \n",
       "Distance_capteur_batiment                                   -0.091284   \n",
       "Particularite                                               -0.104582   \n",
       "Trafic_Routier_vehicule_leger                                1.000000   \n",
       "Trafic_Routier_poids_lourds                                  0.871455   \n",
       "Trafic_Routier_2_roues                                       0.999103   \n",
       "emission_moyenne_annuelle_kg_maille_an                       0.294361   \n",
       "Donnees_Cartographie                                         0.680300   \n",
       "\n",
       "                                        Trafic_Routier_poids_lourds  \\\n",
       "Typologie_zone                                            -0.235349   \n",
       "Type_voie                                                  0.152644   \n",
       "Nombre_voies                                              -0.700993   \n",
       "Distance_capteur_voie                                     -0.227236   \n",
       "Position_capteurs                                         -0.155039   \n",
       "Presence_arbres                                            0.064935   \n",
       "Feuille_arbres                                            -0.135904   \n",
       "Morphologie_urbaine                                        0.010322   \n",
       "Hauteur_batiments                                         -0.115277   \n",
       "Distance_capteur_batiment                                  0.036386   \n",
       "Particularite                                             -0.136843   \n",
       "Trafic_Routier_vehicule_leger                              0.871455   \n",
       "Trafic_Routier_poids_lourds                                1.000000   \n",
       "Trafic_Routier_2_roues                                     0.880015   \n",
       "emission_moyenne_annuelle_kg_maille_an                     0.310620   \n",
       "Donnees_Cartographie                                       0.616335   \n",
       "\n",
       "                                        Trafic_Routier_2_roues  \\\n",
       "Typologie_zone                                       -0.225360   \n",
       "Type_voie                                             0.129805   \n",
       "Nombre_voies                                         -0.731524   \n",
       "Distance_capteur_voie                                -0.297856   \n",
       "Position_capteurs                                    -0.238002   \n",
       "Presence_arbres                                       0.078650   \n",
       "Feuille_arbres                                       -0.112689   \n",
       "Morphologie_urbaine                                  -0.010161   \n",
       "Hauteur_batiments                                    -0.123036   \n",
       "Distance_capteur_batiment                            -0.081452   \n",
       "Particularite                                        -0.101047   \n",
       "Trafic_Routier_vehicule_leger                         0.999103   \n",
       "Trafic_Routier_poids_lourds                           0.880015   \n",
       "Trafic_Routier_2_roues                                1.000000   \n",
       "emission_moyenne_annuelle_kg_maille_an                0.290824   \n",
       "Donnees_Cartographie                                  0.678972   \n",
       "\n",
       "                                        emission_moyenne_annuelle_kg_maille_an  \\\n",
       "Typologie_zone                                                        0.053727   \n",
       "Type_voie                                                             0.071804   \n",
       "Nombre_voies                                                         -0.307444   \n",
       "Distance_capteur_voie                                                 0.137896   \n",
       "Position_capteurs                                                    -0.178201   \n",
       "Presence_arbres                                                      -0.312424   \n",
       "Feuille_arbres                                                       -0.371634   \n",
       "Morphologie_urbaine                                                  -0.307084   \n",
       "Hauteur_batiments                                                     0.270166   \n",
       "Distance_capteur_batiment                                            -0.293546   \n",
       "Particularite                                                        -0.079003   \n",
       "Trafic_Routier_vehicule_leger                                         0.294361   \n",
       "Trafic_Routier_poids_lourds                                           0.310620   \n",
       "Trafic_Routier_2_roues                                                0.290824   \n",
       "emission_moyenne_annuelle_kg_maille_an                                1.000000   \n",
       "Donnees_Cartographie                                                  0.501979   \n",
       "\n",
       "                                        Donnees_Cartographie  \n",
       "Typologie_zone                                     -0.101846  \n",
       "Type_voie                                           0.039661  \n",
       "Nombre_voies                                       -0.488624  \n",
       "Distance_capteur_voie                              -0.048350  \n",
       "Position_capteurs                                  -0.227337  \n",
       "Presence_arbres                                    -0.194273  \n",
       "Feuille_arbres                                     -0.336961  \n",
       "Morphologie_urbaine                                -0.216647  \n",
       "Hauteur_batiments                                   0.032952  \n",
       "Distance_capteur_batiment                          -0.191614  \n",
       "Particularite                                      -0.023086  \n",
       "Trafic_Routier_vehicule_leger                       0.680300  \n",
       "Trafic_Routier_poids_lourds                         0.616335  \n",
       "Trafic_Routier_2_roues                              0.678972  \n",
       "emission_moyenne_annuelle_kg_maille_an              0.501979  \n",
       "Donnees_Cartographie                                1.000000  "
      ]
     },
     "execution_count": 5,
     "metadata": {},
     "output_type": "execute_result"
    }
   ],
   "source": [
    "environnement_normees.corr()"
   ]
  },
  {
   "cell_type": "code",
   "execution_count": 6,
   "id": "f5e59884-b280-4b63-98e4-ea321a7afd7c",
   "metadata": {},
   "outputs": [],
   "source": [
    "Y_tsne = environnement_normees.to_numpy()\n",
    "Y_acp = environnement_normees.to_numpy()"
   ]
  },
  {
   "cell_type": "markdown",
   "id": "ba5490da-d3dd-407a-bd8f-ac0d6d54d64d",
   "metadata": {},
   "source": [
    "## Début ACP"
   ]
  },
  {
   "cell_type": "code",
   "execution_count": 7,
   "id": "32fdbbac-c823-4e2c-b8d3-7992b3878637",
   "metadata": {},
   "outputs": [],
   "source": [
    "from sklearn.decomposition import PCA\n",
    "from sklearn.manifold import TSNE\n",
    "import matplotlib.pyplot as plt"
   ]
  },
  {
   "cell_type": "code",
   "execution_count": 8,
   "id": "c9b17dd3-d828-4ea4-be9c-8a57472c59d7",
   "metadata": {},
   "outputs": [
    {
     "name": "stdout",
     "output_type": "stream",
     "text": [
      "[2.79206849e-01 1.89389469e-01 1.21158054e-01 7.31152966e-02\n",
      " 6.53207906e-02 5.24010400e-02 4.30007014e-02 3.93055934e-02\n",
      " 3.13411286e-02 3.09254262e-02 2.33899708e-02 1.81245351e-02\n",
      " 1.43619639e-02 1.14167913e-02 7.50622980e-03 3.61605720e-05]\n",
      "[[ 1.01041667 -0.22317808  0.25146054  0.37436407  0.05343735 -0.04806906\n",
      "   0.07049364 -0.35155207  0.20954739 -0.20388511  0.17536383 -0.21215008\n",
      "  -0.23780072 -0.22770753  0.05428619 -0.10290664]\n",
      " [-0.22317808  1.01041667 -0.12502507 -0.19911656  0.2337066   0.12451252\n",
      "   0.14683194  0.25510389 -0.02931113  0.12205639 -0.02822133  0.12816277\n",
      "   0.15423437  0.13115706  0.07255147  0.04007379]\n",
      " [ 0.25146054 -0.12502507  1.01041667  0.19408912  0.14963033 -0.14900757\n",
      "  -0.0037911  -0.19713934  0.13869946 -0.11936857  0.25889511 -0.73602965\n",
      "  -0.70829469 -0.73914418 -0.31064651 -0.49371333]\n",
      " [ 0.37436407 -0.19911656  0.19408912  1.01041667 -0.14906576 -0.38604848\n",
      "  -0.30611167 -0.23692142  0.10271917 -0.12473214  0.01677707 -0.296464\n",
      "  -0.22960353 -0.30095889  0.13933229 -0.04885368]\n",
      " [ 0.05343735  0.2337066   0.14963033 -0.14906576  1.01041667  0.31143911\n",
      "   0.28295685 -0.07467251  0.17434628 -0.03486062  0.16871814 -0.24637523\n",
      "  -0.15665378 -0.24048138 -0.18005757 -0.22970553]\n",
      " [-0.04806906  0.12451252 -0.14900757 -0.38604848  0.31143911  1.01041667\n",
      "   0.75570118  0.170846   -0.0123289   0.27018501  0.05020621  0.07581177\n",
      "   0.06561121  0.07946924 -0.31567859 -0.1962969 ]\n",
      " [ 0.07049364  0.14683194 -0.0037911  -0.30611167  0.28295685  0.75570118\n",
      "   1.01041667  0.12738595  0.02154286  0.20043056  0.02460129 -0.1125853\n",
      "  -0.13731958 -0.11386266 -0.37550532 -0.34047147]\n",
      " [-0.35155207  0.25510389 -0.19713934 -0.23692142 -0.07467251  0.170846\n",
      "   0.12738595  1.01041667 -0.56273189  0.5632832  -0.279565   -0.0165606\n",
      "   0.01042916 -0.01026709 -0.31028282 -0.21890404]\n",
      " [ 0.20954739 -0.02931113  0.13869946  0.10271917  0.17434628 -0.0123289\n",
      "   0.02154286 -0.56273189  1.01041667 -0.19655873  0.13601049 -0.11796739\n",
      "  -0.11647737 -0.12431761  0.27297992  0.03329503]\n",
      " [-0.20388511  0.12205639 -0.11936857 -0.12473214 -0.03486062  0.27018501\n",
      "   0.20043056  0.5632832  -0.19655873  1.01041667 -0.2424876  -0.09223458\n",
      "   0.03676476 -0.08230016 -0.29660396 -0.19361036]\n",
      " [ 0.17536383 -0.02822133  0.25889511  0.01677707  0.16871814  0.05020621\n",
      "   0.02460129 -0.279565    0.13601049 -0.2424876   1.01041667 -0.10567171\n",
      "  -0.13826868 -0.10209966 -0.07982584 -0.02332609]\n",
      " [-0.21215008  0.12816277 -0.73602965 -0.296464   -0.24637523  0.07581177\n",
      "  -0.1125853  -0.0165606  -0.11796739 -0.09223458 -0.10567171  1.01041667\n",
      "   0.88053248  1.00951     0.29742684  0.68738657]\n",
      " [-0.23780072  0.15423437 -0.70829469 -0.22960353 -0.15665378  0.06561121\n",
      "  -0.13731958  0.01042916 -0.11647737  0.03676476 -0.13826868  0.88053248\n",
      "   1.01041667  0.88918215  0.31385513  0.62275523]\n",
      " [-0.22770753  0.13115706 -0.73914418 -0.30095889 -0.24048138  0.07946924\n",
      "  -0.11386266 -0.01026709 -0.12431761 -0.08230016 -0.10209966  1.00951\n",
      "   0.88918215  1.01041667  0.29385348  0.68604444]\n",
      " [ 0.05428619  0.07255147 -0.31064651  0.13933229 -0.18005757 -0.31567859\n",
      "  -0.37550532 -0.31028282  0.27297992 -0.29660396 -0.07982584  0.29742684\n",
      "   0.31385513  0.29385348  1.01041667  0.50720784]\n",
      " [-0.10290664  0.04007379 -0.49371333 -0.04885368 -0.22970553 -0.1962969\n",
      "  -0.34047147 -0.21890404  0.03329503 -0.19361036 -0.02332609  0.68738657\n",
      "   0.62275523  0.68604444  0.50720784  1.01041667]]\n"
     ]
    }
   ],
   "source": [
    "pca = PCA(n_components=16)\n",
    "pca.fit(Y_acp)\n",
    "\n",
    "print(pca.explained_variance_ratio_)\n",
    "print(pca.get_covariance())"
   ]
  },
  {
   "cell_type": "code",
   "execution_count": 9,
   "id": "da013a0c-f831-4f53-879a-19bdfb8e7010",
   "metadata": {},
   "outputs": [
    {
     "data": {
